45.2 0.3 2.4 66.1
33.2 9.7 3.2 67.8
37.6 0.4 2.8 65.5
40.9 0.5 0.7 73.5
40.4 4.8 1.9 69.1
42.9 1.6 1.9 68.1
41.6 1.3 1.2 74.4
35.6 1.2 2.5 78.5
42.4 2.7 4.8 82.9
45.9 5.2 3.6 75.7
40.5 4.2 2.5 71.6
51.2 6.4 4.2 76.0
45.5 4.0 3.4 78.9
47.4 5.3 1.7 72.9
41.7 5.6 3.1 72.7
45.3 3.2 1.4 84.2
50.7 7.6 1.4 68.3
43.3 0.8 1.1 86.2
49.1 10.0 2.5 85.1
49.1 7.9 1.2 82.3
44.4 2.4 3.8 84.6
51.8 6.7 0.7 75.8
55.7 3.7 1.1 76.0
57.3 7.5 0.1 74.5
45.8 6.7 3.4 80.6
50.8 6.5 4.0 70.5
46.2 9.0 0.8 84.8
55.7 1.0 4.9 81.4
48.8 5.5 4.8 83.4
52.9 3.7 1.8 75.9
56.5 0.3 1.2 90.7
58.5 5.0 0.5 86.3
50.2 6.7 3.8 87.3
58.9 6.1 0.3 78.6
53.7 3.7 2.4 82.7
61.7 6.0 4.9 77.8
51.1 9.1 0.3 80.2
53.1 6.8 2.8 92.6
64.9 1.5 2.5 94.7
61.5 1.0 3.9 82.1
52.1 9.0 3.3 84.7
65.3 1.3 0.3 91.4
53.2 2.5 2.2 92.9
56.6 1.0 0.3 93.7
58.5 1.6 3.7 88.5
60.3 5.6 1.5 95.6